Entity,Code,Year,Gas (% direct primary energy),Wind (% direct primary energy),Hydro (% direct primary energy),Other renewables (% direct primary energy),Nuclear (% direct primary energy),Solar (% direct primary energy),Coal (% direct primary energy),Oil (% direct primary energy),Biofuels (% direct primary energy)
Africa,,1965,1.3867538,0,2.0205562,,0,,47.005558,49.587135,
Africa,,1966,1.4844301,0,2.1577976,,0,,44.95371,51.40406,
Africa,,1967,1.454268,0,2.2327197,,0,,45.54784,50.765175,
Africa,,1968,1.4021262,0,2.4842381,,0,,45.06032,51.05331,
Africa,,1969,1.605328,0,2.8401523,,0,,44.546555,51.00796,
Africa,,1970,1.852775,0,3.298447,,0,,43.066196,51.782585,
Africa,,1971,2.0423958,0,2.8866549,0.018198758,0,0,42.502125,52.550625,
Africa,,1972,2.5986829,0,3.121412,0.017380271,0,0,40.470837,53.791683,
Africa,,1973,3.8411074,0,3.0441663,0.0165097,0,0,39.711693,53.38652,
Africa,,1974,4.145858,0,3.3215556,0.016297163,0,0,39.639008,52.87729,
Africa,,1975,4.709195,0,3.311459,0.015100787,0,0,39.602734,52.361507,
Africa,,1976,4.931301,0,3.379994,0.01496015,0,0,38.902386,52.77136,
Africa,,1977,5.243876,0,3.5296786,0.014524868,0,0,37.78759,53.424335,
Africa,,1978,7.191976,0,3.420343,0.014403172,0,0,35.292618,54.080666,
Africa,,1979,10.078774,0,3.3562708,0.0136105595,0,0,34.34783,52.203514,
Africa,,1980,11.709724,0,3.0266206,0.012968067,0,0,34.05258,51.19811,
Africa,,1981,12.704097,0,2.790723,0.01212079,0,0,35.350384,49.14268,
Africa,,1982,12.826796,0,2.610043,0.012268798,0,0,36.45163,48.099262,
Africa,,1983,13.600824,0,2.268539,0.011531418,0,0,35.75973,48.35937,
Africa,,1984,12.658414,0,2.1668584,0.011396835,0.19116485,0,37.156498,47.815666,
Africa,,1985,13.102685,0,2.3236167,0.012640179,0.24974929,0,36.988544,47.322758,
Africa,,1986,14.450926,0,2.359291,0.030399092,0.4060747,0,37.15037,45.602936,
Africa,,1987,14.374849,0,2.1806226,0.029248942,0.27413103,0,36.81987,46.32128,
Africa,,1988,14.937767,0,2.233446,0.026087832,0.43728378,0,37.09643,45.268986,
Africa,,1989,15.484344,0,2.3458095,0.025718935,0.46264908,0,34.831898,46.849586,
Africa,,1990,16.040607,0,2.3038006,0.03202928,0.33996907,0,35.315826,45.96776,
Africa,,1991,16.229599,0,2.450852,0.032811917,0.36949778,0,34.499477,46.417763,
Africa,,1992,16.726257,0,2.2973046,0.03344098,0.36877388,0,34.099323,46.4749,
Africa,,1993,16.314476,0.000079072895,2.241025,0.037073325,0.28683692,0,34.464474,46.65604,
Africa,,1994,16.505327,0.00020639884,2.2014365,0.031915374,0.37063876,0,34.187588,46.70288,
Africa,,1995,16.94134,0.00023139719,2.195294,0.03741656,0.41508245,0,33.882107,46.52853,
Africa,,1996,17.362335,0.00025459455,2.2345676,0.045113187,0.4222325,0,33.535778,46.399723,
Africa,,1997,16.685375,0.00025319474,2.2454326,0.048762504,0.4447436,0,33.724804,46.850628,
Africa,,1998,17.326897,0.00026371854,2.3129117,0.059425127,0.47195208,0,32.515068,47.313484,
Africa,,1999,16.971344,0.0006667054,2.3800795,0.057111897,0.43224734,0,32.527504,47.631054,
Africa,,2000,18.366901,0.0057889046,2.482329,0.07484553,0.42913762,0.00039387643,31.788857,46.85175,
Africa,,2001,20.226925,0.013245238,2.5774355,0.074431635,0.34163266,0.00047680052,31.104418,45.66143,
Africa,,2002,21.062006,0.013931845,2.6704648,0.07181001,0.37660676,0.00052763626,29.347801,46.45686,
Africa,,2003,21.22769,0.015979512,2.4636004,0.0782389,0.3777986,0.0005984659,30.34348,45.492615,
Africa,,2004,21.793686,0.021382127,2.4274178,0.0829048,0.3719667,0.0006837244,31.147554,44.15441,
Africa,,2005,22.402763,0.021642875,2.4637983,0.083469234,0.31318697,0.0008149119,28.817316,45.897015,
Africa,,2006,22.93213,0.023180189,2.5027065,0.102512576,0.27259433,0.001030781,28.659576,45.50626,
Africa,,2007,23.579514,0.02662244,2.4939578,0.0823136,0.29647633,0.0013224296,28.074038,45.445747,
Africa,,2008,23.059898,0.032346766,2.3910868,0.08056979,0.32066196,0.0017915517,29.115164,44.998478,
Africa,,2009,22.833908,0.03856932,2.4162664,0.08646432,0.31079102,0.0023255097,28.540594,45.771088,
Africa,,2010,23.134409,0.053890847,2.5404916,0.088801764,0.3190874,0.005096429,27.477327,46.380894,
Africa,,2011,24.822182,0.055857357,2.5921729,0.09031647,0.301978,0.01409221,26.853128,45.270267,
Africa,,2012,25.805887,0.056609478,2.5029504,0.09096667,0.29180744,0.022337906,25.16942,46.060013,
Africa,,2013,25.641516,0.078770496,2.5790112,0.09717945,0.30921182,0.01726291,24.773792,46.503254,
Africa,,2014,25.691906,0.10812672,2.6514606,0.11671635,0.2947586,0.04068904,25.296291,45.800056,
Africa,,2015,27.637375,0.18581219,2.510978,0.14950746,0.2551749,0.06795085,23.33501,45.858185,
Africa,,2016,27.833223,0.22697961,2.384798,0.14687084,0.30516127,0.109344885,24.092184,44.901432,
Africa,,2017,28.771805,0.24740277,2.5091226,0.15145168,0.2818704,0.1543786,23.535213,44.34876,
Africa,,2018,30.007818,0.28712705,2.6167295,0.15888304,0.22512417,0.19544867,22.62128,43.887585,
Africa,,2019,29.594284,0.3691649,2.6623764,0.15779303,0.25963485,0.2462347,23.513737,43.196777,
Africa,,2020,31.278223,0.43380782,2.9807112,0.16426283,0.2840642,0.3270182,23.57926,40.952663,
Africa,,2021,31.55783,0.4687358,2.9453197,0.15408857,0.20012316,0.31705815,22.437387,41.91946,
Africa (BP),,1965,1.3867537,0,2.0205562,,0,,47.00555,49.58713,
Africa (BP),,1966,1.4844301,0,2.1577976,,0,,44.95371,51.40406,
Africa (BP),,1967,1.454268,0,2.2327197,,0,,45.54784,50.765175,
Africa (BP),,1968,1.402126,0,2.4842377,,0,,45.060326,51.05331,
Africa (BP),,1969,1.605328,0,2.840152,,0,,44.54656,51.007957,
Africa (BP),,1970,1.852775,0,3.2984474,,0,,43.066196,51.782585,
Africa (BP),,1971,2.042396,0,2.886655,0.018198758,0,0,42.502125,52.550625,
Africa (BP),,1972,2.5986829,0,3.121412,0.017380271,0,0,40.470837,53.791683,
Africa (BP),,1973,3.8411074,0,3.0441663,0.0165097,0,0,39.71169,53.386528,
Africa (BP),,1974,4.145858,0,3.3215556,0.016297163,0,0,39.63901,52.87729,
Africa (BP),,1975,4.709195,0,3.3114593,0.015100787,0,0,39.602734,52.361507,
Africa (BP),,1976,4.931301,0,3.379994,0.01496015,0,0,38.902386,52.77136,
Africa (BP),,1977,5.243876,0,3.5296786,0.014524868,0,0,37.78759,53.424335,
Africa (BP),,1978,7.191976,0,3.4203424,0.014403172,0,0,35.292614,54.080666,
Africa (BP),,1979,10.078774,0,3.3562708,0.0136105595,0,0,34.34783,52.203514,
Africa (BP),,1980,11.709724,0,3.0266204,0.012968067,0,0,34.05258,51.19811,
Africa (BP),,1981,12.704097,0,2.790723,0.012120789,0,0,35.35038,49.142677,
Africa (BP),,1982,12.826796,0,2.610043,0.012268798,0,0,36.45163,48.09926,
Africa (BP),,1983,13.600824,0,2.2685392,0.011531419,0,0,35.759735,48.359375,
Africa (BP),,1984,12.658414,0,2.1668584,0.011396835,0.19116485,0,37.156498,47.815666,
Africa (BP),,1985,13.102685,0,2.3236167,0.012640179,0.24974929,0,36.988544,47.322758,
Africa (BP),,1986,14.450926,0,2.3592913,0.030399092,0.4060747,0,37.15037,45.602936,
Africa (BP),,1987,14.374849,0,2.1806226,0.029248942,0.27413103,0,36.81987,46.32128,
Africa (BP),,1988,14.937767,0,2.2334461,0.026087832,0.43728378,0,37.09643,45.268986,
Africa (BP),,1989,15.484344,0,2.3458095,0.025718935,0.46264908,0,34.831898,46.849586,
Africa (BP),,1990,16.040607,0,2.3038006,0.03202928,0.33996907,0,35.315826,45.96776,0
Africa (BP),,1991,16.2296,0,2.4508524,0.03281192,0.3694978,0,34.499477,46.417767,0
Africa (BP),,1992,16.726257,0,2.2973046,0.03344098,0.36877388,0,34.099323,46.4749,0
Africa (BP),,1993,16.314476,0.000079072895,2.241025,0.037073325,0.28683692,0,34.46447,46.65604,0
Africa (BP),,1994,16.505327,0.00020639884,2.2014365,0.031915374,0.37063876,0,34.187588,46.70288,0
Africa (BP),,1995,16.94134,0.00023139719,2.1952937,0.03741656,0.41508245,0,33.882103,46.52853,0
Africa (BP),,1996,17.362335,0.00025459455,2.2345676,0.04511319,0.4222325,0,33.535778,46.399723,0
Africa (BP),,1997,16.685377,0.00025319474,2.2454329,0.04876251,0.4447436,0,33.724804,46.85063,0
Africa (BP),,1998,17.326897,0.00026371854,2.3129117,0.05942513,0.47195208,0,32.515068,47.313484,0
Africa (BP),,1999,16.971342,0.0006667054,2.3800795,0.057111897,0.43224734,0,32.527504,47.631058,0
Africa (BP),,2000,18.366901,0.0057889046,2.482329,0.07484553,0.42913762,0.00039387643,31.788857,46.85175,0
Africa (BP),,2001,20.226925,0.013245238,2.5774355,0.074431635,0.34163266,0.00047680052,31.104418,45.66143,0
Africa (BP),,2002,21.05876,0.013929696,2.6700532,0.071798936,0.37654868,0.00052755483,29.343277,46.449696,0.015415442
Africa (BP),,2003,21.224262,0.01597693,2.4632025,0.07822626,0.37773758,0.0005983693,30.33858,45.48527,0.016147632
Africa (BP),,2004,21.78982,0.021378336,2.4269874,0.0828901,0.37190074,0.00068360317,31.142035,44.146584,0.017718485
Africa (BP),,2005,22.401255,0.021641415,2.4636319,0.0834636,0.31316584,0.00081485696,28.815374,45.89392,0.0067355745
Africa (BP),,2006,22.93168,0.023179732,2.5026572,0.10251056,0.272589,0.0010307608,28.659014,45.505367,0.0019656955
Africa (BP),,2007,23.574629,0.026616925,2.4934413,0.08229654,0.2964149,0.0013221557,28.068224,45.43634,0.02072247
Africa (BP),,2008,23.056429,0.0323419,2.3907275,0.080557674,0.32061374,0.0017912823,29.110786,44.991714,0.0150417695
Africa (BP),,2009,22.832024,0.038566135,2.416067,0.08645718,0.31076536,0.0023253178,28.538237,45.767303,0.008256879
Africa (BP),,2010,23.133257,0.053888164,2.5403652,0.088797346,0.3190715,0.0050961752,27.47596,46.37858,0.00497269
Africa (BP),,2011,24.819248,0.055850763,2.591867,0.09030581,0.30194235,0.014090546,26.849964,45.26492,0.011810979
Africa (BP),,2012,25.802364,0.05660176,2.5026093,0.09095428,0.29176766,0.022334863,25.16599,46.053734,0.0136507545
Africa (BP),,2013,25.638208,0.07876034,2.5786788,0.09716692,0.30917197,0.017260684,24.770597,46.497257,0.012900437
Africa (BP),,2014,25.688786,0.108113594,2.6511388,0.116702184,0.2947228,0.0406841,25.293219,45.794495,0.012145545
Africa (BP),,2015,27.633259,0.1857845,2.510604,0.1494852,0.2551369,0.067940734,23.331537,45.851357,0.014896937
Africa (BP),,2016,27.829615,0.22695018,2.3844888,0.1468518,0.30512172,0.10933071,24.08906,44.89561,0.012972056
Africa (BP),,2017,28.768217,0.2473719,2.5088096,0.15143278,0.2818352,0.15435934,23.532278,44.343224,0.012482598
Africa (BP),,2018,30.002113,0.28707248,2.6162322,0.15885285,0.22508137,0.1954115,22.616982,43.879242,0.019014394
Africa (BP),,2019,29.589516,0.36910543,2.6619475,0.15776761,0.25959304,0.24619503,23.509949,43.18982,0.016110007
Africa (BP),,2020,31.271616,0.43371618,2.9800816,0.16422813,0.28400418,0.32694912,23.57428,40.94401,0.021123629
Africa (BP),,2021,31.5514,0.46864036,2.9447196,0.15405722,0.20008239,0.3169936,22.432817,41.910927,0.020363891
Algeria,DZA,1965,30.896244,0,1.6632121,0,0,0,3.3850522,64.0555,
Algeria,DZA,1966,26.492224,0,1.2183489,0,0,0,2.714138,69.575294,
Algeria,DZA,1967,27.28453,0,1.4938948,0,0,0,2.2035313,69.01805,
Algeria,DZA,1968,26.923353,0,1.9252337,0,0,0,2.187346,68.964066,
Algeria,DZA,1969,31.528574,0,1.099513,0,0,0,2.4795387,64.89237,
Algeria,DZA,1970,27.31562,0,1.6281228,0,0,0,2.7096736,68.34657,
Algeria,DZA,1971,28.26896,0,0.84426963,0,0,0,0.6843445,70.20242,
Algeria,DZA,1972,29.373577,0,1.1332642,0,0,0,0.53251964,68.96064,
Algeria,DZA,1973,34.49116,0,1.4523256,0,0,0,0.5165992,63.53991,
Algeria,DZA,1974,35.684875,0,0.8578385,0,0,0,0.38140154,63.075882,
Algeria,DZA,1975,40.858887,0,0.4704007,0,0,0,0.4002995,58.27041,
Algeria,DZA,1976,41.415234,0,0.47823453,0,0,0,0.67199934,57.43453,
Algeria,DZA,1977,40.02986,0,0.29993474,0,0,0,0.7910138,58.879192,
Algeria,DZA,1978,51.078777,0,0.2214894,0,0,0,0.3194143,48.38032,
Algeria,DZA,1979,55.09451,0,0.19666055,0,0,0,0.56589574,44.142933,
Algeria,DZA,1980,61.95439,0,0.14549366,0,0,0,0.4213768,37.47873,
Algeria,DZA,1981,66.32981,0,0.17065331,0,0,0,0.24402025,33.255516,
Algeria,DZA,1982,65.30249,0,0.19379005,0,0,0,3.9288197,30.5749,
Algeria,DZA,1983,65.327385,0,0.08687399,0,0,0,3.2030067,31.382736,
Algeria,DZA,1984,59.870537,0,0.17430764,0,0,0,3.7045703,36.2506,
Algeria,DZA,1985,58.922775,0,0.24747893,0,0,0,3.8405433,36.98921,
Algeria,DZA,1986,60.807472,0,0.09025229,0,0,0,3.7157044,35.38657,
Algeria,DZA,1987,60.623722,0,0.17558579,0,0,0,4.3296638,34.871025,
Algeria,DZA,1988,63.637943,0,0.05998747,0,0,0,3.7932568,32.508816,
Algeria,DZA,1989,61.586815,0,0.07619021,0,0,0,3.297361,35.03963,
Algeria,DZA,1990,61.99327,0,0.0428967,0,0,0,2.4353154,35.52851,
Algeria,DZA,1991,61.855244,0,0.09405446,0,0,0,2.5386355,35.51207,
Algeria,DZA,1992,62.203087,0,0.062219113,0,0,0,2.9380674,34.79663,
Algeria,DZA,1993,60.054237,0,0.11873363,0,0,0,2.5739768,37.253056,
Algeria,DZA,1994,62.390945,0,0.05504048,0,0,0,2.3908124,35.163204,
Algeria,DZA,1995,64.65553,0,0.06170726,0,0,0,2.3054214,32.97734,
Algeria,DZA,1996,67.075874,0,0.04359613,0,0,0,1.0966719,31.783861,
Algeria,DZA,1997,65.176865,0,0.025192048,0,0,0,2.0001006,32.797832,
Algeria,DZA,1998,65.17144,0,0.06982147,0,0,0,2.0697162,32.689034,
Algeria,DZA,1999,65.94354,0,0.06526556,0,0,0,2.1948552,31.796337,
Algeria,DZA,2000,63.70496,0,0.018009609,0,0,0,1.8811868,34.395844,
Algeria,DZA,2001,63.513138,0,0.022209402,0,0,0,2.0963101,34.36835,
Algeria,DZA,2002,60.53883,0,0.0177106,0,0,0,2.6559842,36.78747,
Algeria,DZA,2003,61.212933,0,0.07877091,0,0,0,2.0949435,36.61335,
Algeria,DZA,2004,60.66299,0,0.071856864,0,0,0,2.407202,36.85794,
Algeria,DZA,2005,61.20957,0,0.15203837,0,0,0,1.8914362,36.746952,
Algeria,DZA,2006,60.318462,0,0.05744176,0,0,0,2.7078035,36.916286,
Algeria,DZA,2007,58.56492,0,0.056609437,0,0,0,2.2052407,39.17323,
Algeria,DZA,2008,57.687027,0,0.06689601,0,0,0,2.081083,40.165,
Algeria,DZA,2009,58.476257,0,0.07629736,0,0,0,1.2609544,40.18649,
Algeria,DZA,2010,57.736195,0,0.03943725,0,0,0.0020744451,0.82186776,41.40043,
Algeria,DZA,2011,57.77802,0,0.08150212,0,0,0.0039066575,0.68958765,41.446983,
Algeria,DZA,2012,58.929306,0,0.07673375,0,0,0.005271355,0.66988367,40.31881,
Algeria,DZA,2013,59.84371,0,0.018444112,0,0,0.005328299,0.34234136,39.790173,
Algeria,DZA,2014,61.676533,0.00017088784,0.03298135,0,0,0.010253269,0.35574913,37.924305,
Algeria,DZA,2015,61.448555,0.0030787066,0.023495391,0,0,0.009398157,0.25063747,38.26484,
Algeria,DZA,2016,62.612312,0.0030906973,0.011680115,0,0,0.03974484,0.09244649,37.240726,
Algeria,DZA,2017,63.359707,0.003050578,0.008991178,0,0,0.0809206,0.33984402,36.207493,
Algeria,DZA,2018,64.773705,0.0014921807,0.017458515,0,0,0.089978494,0.8677031,34.24967,
Algeria,DZA,2019,64.956375,0.001441725,0.021914218,0,0,0.08866608,0.69248796,34.23912,
Algeria,DZA,2020,66.74959,0.0011788006,0.007593313,0,0,0.10486733,0.73733974,32.399437,
Algeria,DZA,2021,67.03209,0.0015362587,0.0013606864,0,,0.09715007,0.7027565,32.165104,
Argentina,ARG,1965,12.643759,0,0.37566268,0,0,0,2.5926085,84.38796,
Argentina,ARG,1966,13.2617655,0,0.36851674,0,0,0,2.0704079,84.2993,
Argentina,ARG,1967,13.476139,0,0.36668742,0,0,0,2.262517,83.89466,
Argentina,ARG,1968,14.529122,0,0.41846293,0,0,0,2.1288228,82.923584,
Argentina,ARG,1969,13.991205,0,0.3627785,0,0,0,2.4636612,83.18235,
Argentina,ARG,1970,16.71256,0,0.44450945,0.016055228,0,0,3.3464222,79.48045,
Argentina,ARG,1971,17.00951,0,0.41610873,0.015875943,0,0,2.765954,79.79256,
Argentina,ARG,1972,18.846478,0,0.3992925,0.020202471,0,0,2.2988758,78.43515,
Argentina,ARG,1973,20.667778,0,0.76758665,0.015357279,0,0,2.4318848,76.11739,
Argentina,ARG,1974,21.332676,0,1.247296,0.015234078,0.25871593,0,2.9532373,74.19283,
Argentina,ARG,1975,22.553276,0,1.3385797,0.016488906,0.6485758,0,2.9661171,72.476974,
Argentina,ARG,1976,24.145653,0,1.2291428,0.014941802,0.63039225,0,2.8535752,71.1263,
Argentina,ARG,1977,24.096262,0,1.3505412,0.014989088,0.38337436,0,2.5781174,71.57671,
Argentina,ARG,1978,23.743418,0,1.8380208,0.015178669,0.6871267,0,3.183939,70.53232,
Argentina,ARG,1979,22.931524,0,2.375139,0.021169325,0.59997433,0,2.7862868,71.285904,
Argentina,ARG,1980,25.610128,0,3.4581513,0.022615455,0.53445196,0,2.545405,67.829254,
Argentina,ARG,1981,27.64476,0,3.4642086,0.020527937,0.66430694,0,2.4912612,65.71494,
Argentina,ARG,1982,31.077553,0,4.1065183,0.026838059,0.43651113,0,2.4897652,61.862816,
Argentina,ARG,1983,32.27316,0,4.1523943,0.034938756,0.7676464,0,2.1823168,60.589554,
Argentina,ARG,1984,34.649193,0,4.5196447,0.026145007,1.0552274,0,1.6337093,58.116085,
Argentina,ARG,1985,36.17869,0,4.7990766,0.02788537,1.3398203,0,2.4629843,55.191547,
Argentina,ARG,1986,36.819702,0,4.6024485,0.027135143,1.2498467,0,2.650119,54.65075,
Argentina,ARG,1987,35.304974,0,4.595592,0.022227924,1.3558692,0,2.818629,55.902718,
Argentina,ARG,1988,39.333744,0,3.0522823,0.024595914,1.1597724,0,2.7548795,53.67473,
Argentina,ARG,1989,42.491806,0,2.7128139,0.021805864,1.0365863,0,3.0656884,50.6713,
Argentina,ARG,1990,42.4643,0,3.8119633,0.028626956,1.5669074,0,2.6397326,49.48847,0
Argentina,ARG,1991,42.234127,0,3.3358006,0.027538594,1.6303523,0,2.2689586,50.50323,0
Argentina,ARG,1992,42.725502,0,3.768993,0.025562938,1.3925444,0,2.3929822,49.69442,0
Argentina,ARG,1993,44.386684,0,4.598683,0.01857309,1.499467,0,1.561378,47.93521,0
Argentina,ARG,1994,43.672527,0,5.053097,0.018334178,1.5250025,0,1.3083553,48.422684,0
Argentina,ARG,1995,46.61209,0,4.706654,0.021135468,1.254815,0,1.3166416,46.08866,0
Argentina,ARG,1996,50.288475,0.0016059144,3.75209,0.037237685,1.2454269,0,1.2968228,43.378345,0
Argentina,ARG,1997,46.64381,0.0024522531,4.692869,0.030041195,1.3378829,0,1.0297906,46.26315,0
Argentina,ARG,1998,47.67285,0.0052284175,4.253864,0.033241887,1.197486,0.0000027314186,1.3235184,45.5138,0
Argentina,ARG,1999,49.14547,0.0054315957,3.3414428,0.04091538,1.1097127,0.0000040603054,1.5437703,44.813244,0
Argentina,ARG,2000,51.219856,0.005512324,4.5317907,0.06122081,0.97961974,0.0000057092943,1.191442,42.010544,0
Argentina,ARG,2001,50.572617,0.008256368,6.1185827,0.0607169,1.1807237,0.000007192395,1.0298258,41.02927,0
Argentina,ARG,2002,51.286716,0.012788763,6.2334585,0.09233418,1.014146,0.000008188433,0.7990335,40.561516,0
Argentina,ARG,2003,54.09804,0.012540225,5.4373965,0.14165923,1.2171196,0.000010456354,0.8998682,38.193367,0
Argentina,ARG,2004,54.810642,0.0107875755,4.5360055,0.12917697,1.1717339,0.000010423353,1.4175489,37.924095,0
Argentina,ARG,2005,55.12797,0.010063274,4.8010035,0.12859777,0.9643782,0.000011365434,1.5380725,37.429897,0
Argentina,ARG,2006,54.591335,0.009352259,5.105229,0.1405134,1.0368869,0.0000120864925,1.3327132,37.78396,0
Argentina,ARG,2007,53.737217,0.00774916,3.92788,0.13472632,0.9126428,0.000013700964,1.8067105,39.47306,0
Argentina,ARG,2008,53.564304,0.0052029327,3.8695052,0.14957026,0.91703206,0.000017822222,2.1724095,39.321953,0
Argentina,ARG,2009,53.9771,0.00475208,4.4665103,0.15339895,1.0557876,0.000009816515,1.2413132,39.101128,0
Argentina,ARG,2010,51.929943,0.0031280313,4.1161427,0.17796688,0.88961244,0.000010597616,1.6622648,40.49007,0.73086584
Argentina,ARG,2011,52.14046,0.0031625233,3.7091897,0.16878313,0.7611783,0.00019195964,1.7386553,40.43828,1.0400989
Argentina,ARG,2012,51.90326,0.042039588,3.3149104,0.16873859,0.7276699,0.00092896307,1.5536788,41.061447,1.2273244
Argentina,ARG,2013,50.471413,0.049712386,3.5935278,0.17617783,0.68062526,0.0016529401,1.6381612,42.083576,1.305151
Argentina,ARG,2014,50.647552,0.06797902,3.557203,0.16271956,0.6050715,0.0017495936,1.7438564,41.689533,1.5243374
Argentina,ARG,2015,50.36544,0.0640556,3.491107,0.16381104,0.75992036,0.0015851556,1.7072707,41.81329,1.6335195
Argentina,ARG,2016,52.098743,0.05915103,3.215272,0.123066865,0.8953288,0.0015424296,1.3171806,40.556637,1.7330782
Argentina,ARG,2017,52.24166,0.066147536,3.417261,0.15023927,0.6584825,0.0017756748,1.3547442,40.11651,1.99318
Argentina,ARG,2018,53.29647,0.15460144,3.5323684,0.17398103,0.7520272,0.0118330475,1.5002403,38.65309,1.9253926
Argentina,ARG,2019,54.15094,0.58106226,3.1989462,0.19189398,0.9819739,0.09300989,0.94486785,37.767277,2.090038
Argentina,ARG,2020,54.661095,1.1709111,2.9450347,0.28178334,1.3266634,0.16727065,1.2461486,37.0009,1.2001935
Argentina,ARG,2021,52.420265,1.4764069,2.2364311,0.2400924,1.2360771,0.25055322,2.0830984,38.868015,1.1890554
Asia,,1965,1.8539183,0,2.816226,0.001970686,0.0004926715,0,51.332115,43.995274,
Asia,,1966,1.9668115,0,2.701133,0.00221099,0.010583756,0,49.90645,45.41281,
Asia,,1967,2.1715755,0,2.3959253,0.0029766103,0.010822474,0,45.891605,49.527096,
Asia,,1968,2.373391,0,2.471295,0.0028579803,0.01666889,0,43.239616,51.896168,
Asia,,1969,2.5669181,0,2.2479987,0.002490249,0.02527717,0,42.765514,52.391804,
Asia,,1970,2.6871932,0,2.0243385,0.005030086,0.07248007,0,42.349213,52.861744,
Asia,,1971,2.7928236,0,2.0178745,0.0044593476,0.10128452,0,41.471714,53.61184,
Asia,,1972,2.918937,0,1.9620765,0.0044666603,0.11184758,0,40.518982,54.483692,
Asia,,1973,3.2757227,0,1.6746919,0.0043662274,0.11656661,0,38.071613,56.857037,
Asia,,1974,3.8102946,0,1.8743172,0.0048952186,0.20956686,0,38.317524,55.7834,
Asia,,1975,4.223973,0,1.9524479,0.0055058943,0.256463,0,40.038986,53.52263,
Asia,,1976,4.446735,0,1.8987961,0.0045974017,0.32402235,0,38.741257,54.58459,
Asia,,1977,5.035545,0,1.7418845,0.006114609,0.276241,0,38.62107,54.319138,
Asia,,1978,5.5922995,0,1.7210662,0.0073735514,0.5085511,0,38.00326,54.16745,
Asia,,1979,6.468013,0,1.7659942,0.013607948,0.59498966,0,37.851006,53.30639,
Asia,,1980,6.7548723,0,1.8958006,0.023709852,0.7013427,0,40.15116,50.47311,
Asia,,1981,6.853384,0,1.9975007,0.036931984,0.74468786,0,40.975807,49.391697,
Asia,,1982,7.170954,0,1.9382855,0.096694335,0.8532011,0,41.74053,48.200336,
Asia,,1983,7.3364387,0,1.9270848,0.10647719,0.97017515,0,42.184593,47.475235,
Asia,,1984,8.349437,0,1.7877754,0.10801896,1.0800315,0,42.53586,46.138874,
Asia,,1985,11.40016,0,1.813363,0.09853683,1.1370441,0,42.229454,43.321453,
Asia,,1986,12.3040285,0,1.7529316,0.098888405,1.1603234,0,42.182743,42.501076,
Asia,,1987,12.424854,0,1.7211901,0.0952992,1.3017993,0,42.79076,41.666096,
Asia,,1988,12.467842,0,1.8483433,0.096055664,1.1480836,0,42.66801,41.771675,
Asia,,1989,12.8951845,0,1.8029172,0.0989334,1.1427547,0,42.336937,41.72328,
Asia,,1990,12.908069,0.00013732031,1.830158,0.0778076,1.183257,0.000016483433,41.4874,42.513145,
Asia,,1991,13.146487,0.00048760622,1.7800074,0.07640156,1.2157047,0.000015856996,41.466125,42.31477,
Asia,,1992,13.366769,0.0008361687,1.7128947,0.073962264,1.1923511,0.00005870292,40.869213,42.783913,
Asia,,1993,12.820917,0.0011305866,1.8341677,0.070580475,1.2729826,0.00010399108,41.18165,42.818466,
Asia,,1994,13.154509,0.0020027226,1.728178,0.07947145,1.2902951,0.00012472022,40.964344,42.78107,
Asia,,1995,13.427286,0.003709988,1.7924391,0.09177188,1.366659,0.00016479753,39.963276,43.3547,
Asia,,1996,13.74378,0.0031102172,1.7031033,0.08919123,1.3808018,0.0002310207,39.82952,43.25026,
Asia,,1997,14.042226,0.0037001078,1.6486213,0.0978173,1.4274979,0.00036004718,38.76183,44.017944,
Asia,,1998,14.682007,0.004517106,1.7498894,0.10439961,1.4873519,0.00051838625,38.74199,43.229324,
Asia,,1999,15.314213,0.006076986,1.6471913,0.110715695,1.4614668,0.0007355133,38.362156,43.09744,
Asia,,2000,15.535898,0.0068609524,1.6317874,0.116878316,1.4456669,0.0010992273,38.3474,42.9144,
Asia,,2001,15.993473,0.008911759,1.7031596,0.11559965,1.4161565,0.0015435892,38.831623,41.929535,
Asia,,2002,16.090525,0.009191546,1.6781006,0.11355072,1.3814589,0.002041607,39.78724,40.937885,
Asia,,2003,15.880362,0.011218494,1.607585,0.10924004,1.133079,0.0025721588,41.990574,39.265373,
Asia,,2004,15.612403,0.01820597,1.732449,0.10570869,1.1894419,0.0031072162,43.2274,38.111286,
Asia,,2005,15.610804,0.021275613,1.6677201,0.109942794,1.1536924,0.0036705304,45.652973,35.779915,
Asia,,2006,15.665025,0.031532127,1.7365843,0.11192014,1.1203711,0.004307654,46.594776,34.73548,
Asia,,2007,15.877114,0.039353706,1.7128257,0.11667489,1.009791,0.0048547587,47.571735,33.667656,
Asia,,2008,16.466114,0.05838535,1.8853996,0.1273467,0.95102257,0.005711416,47.43002,33.076008,
Asia,,2009,16.54393,0.08862007,1.7896391,0.14005253,0.9721279,0.0072102463,47.879417,32.579002,
Asia,,2010,17.114569,0.12831867,1.9399437,0.15115373,0.9635341,0.009640793,47.22089,32.471947,
Asia,,2011,17.377905,0.1714623,1.858247,0.15725948,0.7564409,0.016108286,48.059418,31.603163,
Asia,,2012,17.643425,0.2165572,2.0302665,0.16490369,0.5210583,0.02340837,47.533276,31.867105,
Asia,,2013,17.699345,0.27183753,2.143695,0.17900781,0.5153541,0.04295824,47.42499,31.722805,
Asia,,2014,17.966883,0.30249724,2.283078,0.20161481,0.5416609,0.08504884,47.162773,31.456444,
Asia,,2015,18.301409,0.33961207,2.339152,0.2302828,0.60051495,0.12896296,46.00846,32.051613,
Asia,,2016,18.437927,0.4315951,2.3828986,0.23013005,0.65882623,0.19116955,45.128296,32.53915,
Asia,,2017,18.785383,0.5254274,2.3773866,0.26181406,0.6762836,0.29270065,44.67768,32.403316,
Asia,,2018,19.170744,0.606326,2.3563485,0.30315864,0.73246837,0.40439898,44.371147,32.05542,
Asia,,2019,19.290747,0.65712786,2.4727182,0.33317238,0.8378804,0.5007417,44.122227,31.785378,
Asia,,2020,19.935284,0.7536018,2.5787997,0.37197593,0.86668617,0.6088723,44.397285,30.4875,
Asia,,2021,20.032736,0.9685139,2.3892398,0.4146686,0.900424,0.7146163,44.4284,30.151403,
Asia Pacific (BP),,1965,1.1413049,0,3.1680512,0.03336723,0.0005074093,0,56.438755,39.21802,0
Asia Pacific (BP),,1966,1.1637357,0,3.027574,0.030646589,0.010893249,0,54.68098,41.086163,0
Asia Pacific (BP),,1967,1.2641845,0,2.7069292,0.025215868,0.011138188,0,50.543266,45.44926,0
Asia Pacific (BP),,1968,1.2802758,0,2.768064,0.025945084,0.017176073,0,47.657562,48.250984,0
Asia Pacific (BP),,1969,1.4790939,0,2.510756,0.023181027,0.026046675,0,46.854904,49.106014,0
Asia Pacific (BP),,1970,1.7983639,0,2.2833867,0.022449793,0.07441308,0,45.88176,49.939625,0
Asia Pacific (BP),,1971,1.9687514,0,2.302326,0.020253414,0.104243144,0,44.863705,50.74073,0
Asia Pacific (BP),,1972,2.1415715,0,2.232292,0.019432712,0.115436144,0,43.930504,51.560764,0
Asia Pacific (BP),,1973,2.4424045,0,1.945783,0.018403577,0.12075611,0,41.462513,54.010136,0
Asia Pacific (BP),,1974,3.0189157,0,2.1503084,0.02778472,0.21737513,0,41.78888,52.796738,0
Asia Pacific (BP),,1975,3.3354337,0,2.215917,0.028348327,0.26576683,0,43.446693,50.70784,0
Asia Pacific (BP),,1976,3.6809247,0,2.1195524,0.026410192,0.33850673,0,42.396618,51.437984,0
Asia Pacific (BP),,1977,4.26856,0,1.9421989,0.025165444,0.29092333,0,42.563572,50.909584,0
Asia Pacific (BP),,1978,4.8065977,0,1.904975,0.026011938,0.5363267,0,41.94381,50.78228,0
Asia Pacific (BP),,1979,5.2678814,0,1.9805748,0.031076843,0.6340879,0,42.174294,49.912083,0
Asia Pacific (BP),,1980,5.6549983,0,2.1049843,0.042283088,0.7451239,0,44.525013,46.927597,0
Asia Pacific (BP),,1981,5.7079325,0,2.221425,0.056670826,0.79753923,0,45.812,45.404438,0
Asia Pacific (BP),,1982,5.893763,0,2.150927,0.12381427,0.9256944,0,47.067635,43.838165,0
Asia Pacific (BP),,1983,6.2566237,0,2.1897357,0.13450524,1.0644293,0,47.900387,42.45432,0
Asia Pacific (BP),,1984,6.8324966,0,2.0446184,0.13699779,1.1951653,0,48.589874,41.200848,0
Asia Pacific (BP),,1985,7.1082563,0,2.0926025,0.1380325,1.372731,0,50.195354,39.093018,0
Asia Pacific (BP),,1986,7.45321,0,2.061107,0.1382359,1.42052,0,50.072742,38.854187,0
Asia Pacific (BP),,1987,7.4952455,0,1.9449887,0.13285708,1.586695,0,50.851025,37.989185,0
Asia Pacific (BP),,1988,7.431739,0,2.0014648,0.1335801,1.3881332,0,50.66244,38.38265,0
Asia Pacific (BP),,1989,7.390797,0,2.0400784,0.13899781,1.3963323,0,50.314117,38.719677,0
Asia Pacific (BP),,1990,7.6567583,0.00016318054,2.0156815,0.11365836,1.4495895,0.000020193593,49.350452,39.413673,0
Asia Pacific (BP),,1991,8.034939,0.00058892125,1.9816775,0.11099767,1.477737,0.00004561692,49.122997,39.271023,0
Asia Pacific (BP),,1992,8.176936,0.0010140365,1.846751,0.10648279,1.4458781,0.00012694196,48.4291,39.993702,0
Asia Pacific (BP),,1993,8.161335,0.0013661834,1.928935,0.10119219,1.5265009,0.00018882482,48.55963,39.720844,0
Asia Pacific (BP),,1994,8.4185705,0.0024223852,1.8400632,0.11033062,1.5443583,0.00022165525,48.30161,39.78243,0
Asia Pacific (BP),,1995,8.409102,0.0044398783,1.9136837,0.123160474,1.6237905,0.00027970926,47.15134,40.7742,0
Asia Pacific (BP),,1996,8.746319,0.0037376331,1.7851312,0.11935575,1.6262677,0.00037014377,46.88204,40.836777,0
Asia Pacific (BP),,1997,9.1739435,0.004442709,1.7416378,0.12911722,1.6814647,0.00053803436,45.708797,41.560066,0
Asia Pacific (BP),,1998,9.43521,0.005481681,1.8646076,0.13895963,1.7605308,0.00074675994,45.91787,40.876595,0
Asia Pacific (BP),,1999,9.803893,0.0072702314,1.7712815,0.14678787,1.7210696,0.001013625,45.528397,41.02029,0
Asia Pacific (BP),,2000,10.171494,0.00874246,1.7787148,0.15335366,1.7050171,0.0014610318,45.504997,40.676216,0
Asia Pacific (BP),,2001,10.457201,0.011619641,1.8845061,0.15052076,1.6735488,0.0020101804,46.111168,39.70943,0
Asia Pacific (BP),,2002,10.396067,0.012779264,1.8190321,0.14851621,1.6316986,0.0026052124,47.215565,38.73923,0.03450952
Asia Pacific (BP),,2003,10.331869,0.015379445,1.7114875,0.14263009,1.3304478,0.003215247,49.4598,36.965355,0.039826635
Asia Pacific (BP),,2004,9.994979,0.024153952,1.8382343,0.1402735,1.3940464,0.0038486312,50.791157,35.77164,0.041677214
Asia Pacific (BP),,2005,9.93393,0.029262047,1.7723005,0.14733393,1.3466852,0.004510213,53.45584,33.262794,0.047345348
Asia Pacific (BP),,2006,10.104973,0.04271499,1.8440976,0.1491623,1.3063464,0.0052700955,54.383236,32.105328,0.05887629
Asia Pacific (BP),,2007,10.222438,0.05315596,1.8411537,0.15449463,1.1769837,0.0059379963,55.342705,31.13851,0.064626336
Asia Pacific (BP),,2008,10.610966,0.07604024,2.1028695,0.16738276,1.1146853,0.007018716,55.49057,30.347103,0.08337185
Asia Pacific (BP),,2009,10.610748,0.11291497,1.9929929,0.1805845,1.1392848,0.009022477,55.99613,29.861542,0.096766345
Asia Pacific (BP),,2010,11.153712,0.15799262,2.1283138,0.19352265,1.1302935,0.013066005,55.11077,30.006254,0.10607185
Asia Pacific (BP),,2011,11.383559,0.2084435,2.0519333,0.20054533,0.88687557,0.02232789,56.01264,29.122543,0.11113332
Asia Pacific (BP),,2012,11.753476,0.26229253,2.2406714,0.21003029,0.60886496,0.031167973,55.339302,29.427252,0.12694359
Asia Pacific (BP),,2013,11.889447,0.32679066,2.375235,0.22581178,0.5966294,0.05614796,55.222816,29.147295,0.1598366
Asia Pacific (BP),,2014,11.965284,0.36338136,2.5835598,0.25227293,0.6297979,0.10678534,54.985035,28.9336,0.18028286
Asia Pacific (BP),,2015,11.96725,0.40640467,2.6199,0.28596535,0.7018406,0.15988928,53.90088,29.806978,0.15088965
Asia Pacific (BP),,2016,12.037809,0.51123416,2.675739,0.28161448,0.7683614,0.23296836,52.906895,30.395313,0.19006501
Asia Pacific (BP),,2017,12.330302,0.6183704,2.6735013,0.3159146,0.78835636,0.35167152,52.29749,30.44849,0.1759051
Asia Pacific (BP),,2018,12.825921,0.71363866,2.6674607,0.36108422,0.8549448,0.4781339,51.732086,30.151808,0.21492276
Asia Pacific (BP),,2019,13.007112,0.77344507,2.7076755,0.39160907,0.9779879,0.5899822,51.277554,30.0208,0.25383553
Asia Pacific (BP),,2020,13.339061,0.8849348,2.8663588,0.4337061,1.007821,0.7180918,51.58792,28.890621,0.27148432
Asia Pacific (BP),,2021,13.364667,1.1339891,2.6948028,0.47946066,1.0395677,0.84630585,51.59516,28.560314,0.28573206
Australia,AUS,1965,0.007187931,0,1.8752651,0.072184145,0,0,49.267574,48.77779,
Australia,AUS,1966,0.009116115,0,1.7037722,0.065877266,0,0,48.5703,49.650936,
Australia,AUS,1967,0.008588797,0,1.6622026,0.06337789,0,0,47.04169,51.224144,
Australia,AUS,1968,0.06273216,0,1.6375346,0.058082473,0,0,45.661564,52.580082,
Australia,AUS,1969,0.81742406,0,1.7202497,0.05566368,0,0,45.417953,51.988716,
Australia,AUS,1970,3.1483212,0,1.8504758,0.04748688,0,0,42.15497,52.798756,
Australia,AUS,1971,4.486048,0,1.9988225,0.045682635,0,0,40.3969,53.072548,
Australia,AUS,1972,6.149613,0,1.916381,0.046444397,0,0,40.295578,51.591988,
Australia,AUS,1973,7.3023376,0,1.906047,0.052437924,0,0,39.24872,51.490467,
Australia,AUS,1974,7.853356,0,2.0289161,0.06273678,0,0,38.6174,51.4376,
Australia,AUS,1975,8.313472,0,2.1461658,0.07049228,0,0,39.288513,50.181355,
Australia,AUS,1976,9.45086,0,1.964918,0.067191586,0,0,39.119896,49.39713,
Australia,AUS,1977,10.25262,0,1.7855697,0.056557313,0,0,38.783356,49.121902,
Australia,AUS,1978,10.711865,0,1.8775712,0.051815894,0,0,38.620255,48.738503,
Australia,AUS,1979,11.861623,0,1.75337,0.051446427,0,0,38.836105,47.49746,
Australia,AUS,1980,13.544583,0,1.6481996,0.047120795,0,0,39.748398,45.011696,
Australia,AUS,1981,14.455104,0,1.671103,0.04868808,0,0,40.14825,43.67686,
Australia,AUS,1982,14.200205,0,1.5501801,0.06263681,0,0,40.869366,43.317616,
Australia,AUS,1983,15.958789,0,1.5225577,0.054127473,0,0,42.26659,40.197933,
Australia,AUS,1984,15.175882,0,1.5895483,0.053404965,0,0,43.099716,40.081444,
Australia,AUS,1985,15.772327,0,1.6414335,0.05369198,0,0,43.346725,39.18582,
Australia,AUS,1986,16.888405,0,1.6187694,0.053090304,0,0,43.56707,37.87266,
Australia,AUS,1987,16.71998,0,1.523632,0.052601572,0,0,44.024284,37.679504,
Australia,AUS,1988,16.384031,0,1.5350727,0.07828264,0,0,44.309887,37.692726,
Australia,AUS,1989,16.986288,0,1.4508824,0.08244999,0,0,44.17266,37.30772,
Australia,AUS,1990,16.733942,0,1.4722542,0.07575983,0,0,44.32346,37.39459,0
Australia,AUS,1991,16.194098,0,1.576251,0.072451055,0,0.0005487954,45.642044,36.51461,0
Australia,AUS,1992,16.48042,0,1.5791506,0.0663696,0,0.0011986151,45.16682,36.706047,0
Australia,AUS,1993,16.738684,0.00019407907,1.5901867,0.06501649,0,0.0014167773,44.53036,37.07414,0
Australia,AUS,1994,17.865198,0.0005129214,1.5061239,0.064954504,0,0.001622697,43.669563,36.892033,0
Australia,AUS,1995,17.240866,0.00062397245,1.3933303,0.07358418,0,0.0018852882,43.15809,38.131622,0
Australia,AUS,1996,16.87179,0.0006061929,1.3828559,0.08196594,0,0.002216934,43.64228,38.018288,0
Australia,AUS,1997,16.16013,0.00063354825,1.3475571,0.08421967,0,0.0025891005,44.724983,37.679886,0
Australia,AUS,1998,16.237679,0.0014839983,1.3024559,0.08912234,0,0.0029350189,45.598595,36.767727,0
Australia,AUS,1999,15.975194,0.0034050338,1.2892804,0.08975828,0,0.0032149856,46.517757,36.121387,0
Australia,AUS,2000,16.175789,0.010545111,1.2958288,0.06999908,0,0.0036789847,46.56075,35.883404,0
Australia,AUS,2001,17.296377,0.022391578,1.2579465,0.0622205,0,0.0042247525,45.69531,35.66154,0
Australia,AUS,2002,17.45655,0.040824097,1.2314943,0.09692806,0,0.0044607716,45.822155,35.347584,0
Australia,AUS,2003,17.355574,0.053140115,1.2235359,0.12769327,0,0.0047701937,46.495907,34.739384,0
Australia,AUS,2004,17.155447,0.058151327,1.1474208,0.20592518,0,0.0053360243,46.954174,34.47355,0
Australia,AUS,2005,16.97156,0.094788775,1.1284976,0.28245825,0,0.006132941,46.569653,34.929806,0.017097574
Australia,AUS,2006,18.136068,0.15114638,1.0447702,0.2749101,0,0.0068159527,45.824093,34.50912,0.05307358
Australia,AUS,2007,19.774645,0.19434741,0.8891798,0.2913065,0,0.007751138,44.278755,34.498207,0.065816365
Australia,AUS,2008,19.07742,0.23121922,0.78991735,0.24710761,0,0.009306399,45.2812,34.27829,0.0855243
Australia,AUS,2009,19.789793,0.30141693,0.8586622,0.18928257,0,0.019713562,44.47891,34.241806,0.12041432
Australia,AUS,2010,21.591143,0.33946383,0.93606216,0.16626237,0,0.06657497,41.361763,35.363262,0.1754653
Australia,AUS,2011,21.851562,0.4285857,1.304148,0.1715109,0,0.13623498,39.451088,36.45246,0.20440708
Australia,AUS,2012,22.289799,0.5224005,1.1520537,0.20949107,0,0.16311069,37.49573,37.965775,0.20164111
Australia,AUS,2013,23.27942,0.6216319,1.2815998,0.22368075,0,0.25830725,35.3309,38.808327,0.19614226
Australia,AUS,2014,24.726786,0.6495102,0.96220785,0.23559357,0,0.3289736,34.670334,38.227116,0.19948113
Australia,AUS,2015,25.23915,0.7698126,0.91642153,0.23928149,0,0.40305853,35.15721,37.119793,0.15527408
Australia,AUS,2016,24.686281,0.849998,1.1491803,0.23646078,0,0.48496452,35.20416,37.26798,0.120982096
Australia,AUS,2017,24.205975,0.86160696,0.8804507,0.2322928,0,0.5816025,34.013893,39.10455,0.119623855
Australia,AUS,2018,23.909185,1.0574653,1.125703,0.23332639,0,0.8019477,33.09106,39.67367,0.10764398
Australia,AUS,2019,27.683628,1.2272741,0.8837105,0.21856609,0,1.1532342,30.656603,38.08156,0.09541939
Australia,AUS,2020,28.979137,1.5201738,0.9697182,0.22932996,0,1.6032716,31.505445,35.112522,0.08039681
Australia,AUS,2021,26.955355,1.8328888,1.094169,0.22873904,,2.1337156,30.983877,36.687294,0.083968826
Austria,AUT,1965,11.092394,0,10.177567,0,0,0,37.408806,41.321236,
Austria,AUT,1966,11.447727,0,10.541428,0,0,0,34.345913,43.664936,
Austria,AUT,1967,10.880243,0,10.6789,0,0,0,32.252052,46.188812,
Austria,AUT,1968,10.763263,0,10.178909,0,0,0,29.53965,49.518177,
Austria,AUT,1969,12.329799,0,8.835707,0,0,0,27.449142,51.38535,
Austria,AUT,1970,13.317615,0,10.019365,0,0,0,26.286104,50.376915,
Austria,AUT,1971,14.764515,0,7.6396875,0,0,0,23.270298,54.325497,
Austria,AUT,1972,15.408185,0,7.5824766,0,0,0,20.375038,56.634308,
Austria,AUT,1973,15.829585,0,7.8752713,0,0,0,18.928381,57.36676,
Austria,AUT,1974,17.546917,0,9.522351,0,0,0,20.427586,52.503143,
Austria,AUT,1975,17.826105,0,10.147353,0,0,0,18.055933,53.970604,
Austria,AUT,1976,18.994883,0,8.205004,0,0,0,17.977472,54.822643,
Austria,AUT,1977,19.981365,0,10.262739,0,0,0,15.56669,54.189205,
Austria,AUT,1978,19.761942,0,9.766117,0,0,0,15.037231,55.43471,
Austria,AUT,1979,18.72544,0,10.514009,0,0,0,15.599218,55.16133,
Austria,AUT,1980,18.216322,0,11.030403,0,0,0,16.23105,54.52223,
Austria,AUT,1981,18.245543,0,12.282309,0,0,0,17.459526,52.012623,
Austria,AUT,1982,18.415531,0,12.827603,0,0,0,17.315418,51.441444,
Austria,AUT,1983,18.810162,0,12.720877,0,0,0,18.560276,49.908684,
Austria,AUT,1984,20.573658,0,10.962393,0,0,0,20.776373,47.687576,
Austria,AUT,1985,21.297539,0,12.13957,0.37210494,0,0,20.044495,46.14629,
Austria,AUT,1986,20.70894,0,12.2085495,0.50862527,0,0,17.896685,48.6772,
Austria,AUT,1987,20.810532,0,13.466808,0.34470594,0,0,17.101587,48.276375,
Austria,AUT,1988,20.324131,0,13.697139,0.4061953,0,0,16.696114,48.876423,
Austria,AUT,1989,21.64697,0,13.498594,0.42495692,0,0,16.632769,47.79672,
Austria,AUT,1990,22.854172,0,11.62692,0.42158052,0,0,17.579514,47.49058,0.027224544
Austria,AUT,1991,22.856234,0,10.944744,0.42668468,0,0,17.394213,48.349617,0.028504109
Austria,AUT,1992,23.46008,0,12.678628,0.4835796,0,0,14.146151,49.19857,0.032998115
Austria,AUT,1993,24.45397,0,13.236456,0.4908327,0,0.0003606118,12.606537,49.17425,0.03759712
Austria,AUT,1994,25.141605,0,12.870605,0.43633902,0,0.00036044544,12.779392,48.745193,0.026497012
Austria,AUT,1995,26.223537,0.00034433452,12.763524,0.63950527,0,0.00034433452,13.889986,46.437576,0.04518628
Austria,AUT,1996,27.288855,0.0016832323,11.518732,0.5350807,0,0.00033664645,13.637612,46.974373,0.04332641
Austria,AUT,1997,25.971245,0.0066485773,12.002437,0.5689151,0,0.0006648578,14.28398,47.115448,0.050667413
Austria,AUT,1998,26.34731,0.014782063,12.207792,0.6053343,0,0.00065698056,12.426785,48.346115,0.051218517
Austria,AUT,1999,26.714247,0.016629636,13.270815,0.52070713,0,0.0006521426,12.250471,47.166634,0.05984451
Austria,AUT,2000,25.551779,0.021890748,13.668862,0.49933103,0,0.0009801828,13.879063,46.31342,0.06467457
Austria,AUT,2001,25.661955,0.053254724,12.5258465,0.5163888,0,0.0015481024,13.586499,47.584198,0.07030654
Austria,AUT,2002,25.06631,0.062446315,12.374522,0.4677149,0,0.0027685557,13.713491,48.24048,0.07226819
Austria,AUT,2003,26.156616,0.10680968,9.693123,0.49958947,0,0.004377446,13.87583,49.592503,0.07114816
Austria,AUT,2004,26.428097,0.2698523,10.736348,0.6015399,0,0.005256863,13.602513,48.283794,0.07258588
Austria,AUT,2005,27.364746,0.38235906,10.654181,0.70083904,0,0.0060367356,13.33758,47.28269,0.2715752
Austria,AUT,2006,25.987282,0.5087602,10.349425,0.94471806,0,0.0064979447,13.46733,47.75005,0.9859463
Austria,AUT,2007,25.562742,0.6147643,11.181975,1.2309636,0,0.0073144487,13.537344,46.671352,1.1935437
Austria,AUT,2008,26.864302,0.5958064,11.354568,1.237669,0,0.0089225955,13.128106,45.386353,1.4242673
Austria,AUT,2009,27.560568,0.6097711,12.761961,1.3402058,0,0.015264022,10.419814,45.38852,1.9039067
Austria,AUT,2010,28.417614,0.6101389,11.341081,1.3303375,0,0.026255142,11.606332,44.91029,1.7579539
Austria,AUT,2011,28.307987,0.6061947,10.718935,1.4314631,0,0.054497626,12.623226,44.386616,1.871071
Austria,AUT,2012,26.734617,0.76322275,13.592675,1.4542806,0,0.104618885,11.6109085,43.906616,1.8330598
Austria,AUT,2013,25.470486,0.97938824,13.05032,1.4630026,0,0.19442643,11.832647,45.393505,1.6162193
Austria,AUT,2014,24.479374,1.2533923,13.3648615,1.486664,0,0.25592324,11.372978,45.67918,2.1076257
